200 0
150 0
210 30
80 30
190 0
360 0
100 0
40 30
370 30
340 0
120 0
200 30
110 30
170 0
40 0
270 0
50 30
260 30
390 0
10 30
0 0
140 0
220 30
270 30
100 30
180 0
400 0
80 0
260 0
230 30
90 30
0 30
240 30
380 0
330 0
240 0
30 0
210 0
220 0
290 0
90 0
150 30
20 30
60 0
60 30
140 30
70 30
-5 15
290 30
250 30
405 15
250 0
400 30
300 0
280 0
310 0
350 0
280 30
180 30
390 30
310 30
360 30
20 0
320 0
130 30
120 30
160 0
190 30
330 30
350 30
370 0
380 30
70 0
30 30
110 0
10 0
170 30
300 30
160 30
230 0
320 30
50 0
340 30
130 0
