-281.679 -187.71793
239.63956 79.491135
-258.8686 166.6692
-81.38438 32.368324
-280.00815 11.657786
-284.5476 -60.15496
-31.548603 -55.22391
62.366657 50.713913
-95.621796 77.46854
162.49324 -84.57402
-147.02347 -166.22012
209.54498 94.26705
-58.684204 -76.988884
-74.63941 25.542881
142.76555 -118.68244
51.417675 146.41772
263.23666 -144.29309
-8.936916 13.543851
90.58457 -164.21841
-86.45758 105.83635
-278.4098 -111.91407
141.51305 2.821137
-49.44738 173.21075
-68.4462 137.17896
-82.17351 119.46555
-136.78703 79.5017
63.54159 55.14022
106.03343 69.75489
47.040512 141.20656
30.366829 -167.57323
-234.71127 -162.7746
25.098171 35.205544
116.70267 132.02199
-30.991436 186.80705
-70.18353 73.73834
-202.21844 -178.73587
-223.04 171.55836
-104.78155 158.21205
27.706327 169.2842
171.59558 135.521
-57.26623 -115.73758
-286.02405 -55.955204
-214.36232 -193.26518
92.639946 22.21603
-116.83179 -191.38055
-251.6567 -195.18996
-235.09941 47.810307
-177.68594 158.26588
-260.4778 -196.95554
253.53487 38.014988
-44.669926 170.08801
26.451075 -192.81335
45.123672 31.740242
38.65473 188.60855
244.22855 119.19251
283.98993 -101.86646
-247.34113 -160.27763
267.84592 127.62748
36.599804 147.88535
-41.26304 -144.11821
-281.679 -187.71793
239.63956 79.491135
-258.8686 166.6692
-81.38438 32.368324
-280.00815 11.657786
-284.5476 -60.15496
-31.548603 -55.22391
62.366657 50.713913
-95.621796 77.46854
162.49324 -84.57402
-147.02347 -166.22012
209.54498 94.26705
-58.684204 -76.988884
-74.63941 25.542881
142.76555 -118.68244
51.417675 146.41772
263.23666 -144.29309
-8.936916 13.543851
90.58457 -164.21841
-86.45758 105.83635
-278.4098 -111.91407
141.51305 2.821137
-49.44738 173.21075
-68.4462 137.17896
-82.17351 119.46555
-136.78703 79.5017
63.54159 55.14022
106.03343 69.75489
47.040512 141.20656
30.366829 -167.57323
-234.71127 -162.7746
25.098171 35.205544
116.70267 132.02199
-30.991436 186.80705
-70.18353 73.73834
-202.21844 -178.73587
-223.04 171.55836
-104.78155 158.21205
27.706327 169.2842
171.59558 135.521
-57.26623 -115.73758
-286.02405 -55.955204
-214.36232 -193.26518
92.639946 22.21603
-116.83179 -191.38055
-251.6567 -195.18996
-235.09941 47.810307
-177.68594 158.26588
-260.4778 -196.95554
253.53487 38.014988
-44.669926 170.08801
26.451075 -192.81335
45.123672 31.740242
38.65473 188.60855
244.22855 119.19251
283.98993 -101.86646
-247.34113 -160.27763
267.84592 127.62748
36.599804 147.88535
-41.26304 -144.11821
-281.679 -187.71793
239.63956 79.491135
-258.8686 166.6692
-81.38438 32.368324
-280.00815 11.657786
-284.5476 -60.15496
-31.548603 -55.22391
62.366657 50.713913
-95.621796 77.46854
162.49324 -84.57402
-147.02347 -166.22012
209.54498 94.26705
-58.684204 -76.988884
-74.63941 25.542881
142.76555 -118.68244
51.417675 146.41772
263.23666 -144.29309
-8.936916 13.543851
90.58457 -164.21841
-86.45758 105.83635
-278.4098 -111.91407
141.51305 2.821137
-49.44738 173.21075
-68.4462 137.17896
-82.17351 119.46555
-136.78703 79.5017
63.54159 55.14022
106.03343 69.75489
47.040512 141.20656
30.366829 -167.57323
-234.71127 -162.7746
25.098171 35.205544
116.70267 132.02199
-30.991436 186.80705
-70.18353 73.73834
-202.21844 -178.73587
-223.04 171.55836
-104.78155 158.21205
27.706327 169.2842
171.59558 135.521
-57.26623 -115.73758
-286.02405 -55.955204
-214.36232 -193.26518
92.639946 22.21603
-116.83179 -191.38055
-251.6567 -195.18996
-235.09941 47.810307
-177.68594 158.26588
-260.4778 -196.95554
253.53487 38.014988
-44.669926 170.08801
26.451075 -192.81335
45.123672 31.740242
38.65473 188.60855
244.22855 119.19251
283.98993 -101.86646
-247.34113 -160.27763
267.84592 127.62748
36.599804 147.88535
-41.26304 -144.11821
-281.679 -187.71793
239.63956 79.491135
-258.8686 166.6692
-81.38438 32.368324
-280.00815 11.657786
-284.5476 -60.15496
-31.548603 -55.22391
62.366657 50.713913
-95.621796 77.46854
162.49324 -84.57402
-147.02347 -166.22012
209.54498 94.26705
-58.684204 -76.988884
-74.63941 25.542881
142.76555 -118.68244
51.417675 146.41772
263.23666 -144.29309
-8.936916 13.543851
90.58457 -164.21841
-86.45758 105.83635
-278.4098 -111.91407
141.51305 2.821137
-49.44738 173.21075
-68.4462 137.17896
-82.17351 119.46555
-136.78703 79.5017
63.54159 55.14022
106.03343 69.75489
47.040512 141.20656
30.366829 -167.57323
-234.71127 -162.7746
25.098171 35.205544
116.70267 132.02199
-30.991436 186.80705
-70.18353 73.73834
-202.21844 -178.73587
-223.04 171.55836
-104.78155 158.21205
27.706327 169.2842
171.59558 135.521
-57.26623 -115.73758
-286.02405 -55.955204
-214.36232 -193.26518
92.639946 22.21603
-116.83179 -191.38055
-251.6567 -195.18996
-235.09941 47.810307
-177.68594 158.26588
-260.4778 -196.95554
253.53487 38.014988
-44.669926 170.08801
26.451075 -192.81335
45.123672 31.740242
38.65473 188.60855
244.22855 119.19251
283.98993 -101.86646
-247.34113 -160.27763
267.84592 127.62748
36.599804 147.88535
-41.26304 -144.11821
-281.679 -187.71793
239.63956 79.491135
-258.8686 166.6692
-81.38438 32.368324
-280.00815 11.657786
-284.5476 -60.15496
-31.548603 -55.22391
62.366657 50.713913
-95.621796 77.46854
162.49324 -84.57402
-147.02347 -166.22012
209.54498 94.26705
-58.684204 -76.988884
-74.63941 25.542881
142.76555 -118.68244
51.417675 146.41772
263.23666 -144.29309
-8.936916 13.543851
90.58457 -164.21841
-86.45758 105.83635
-278.4098 -111.91407
141.51305 2.821137
-49.44738 173.21075
-68.4462 137.17896
-82.17351 119.46555
-136.78703 79.5017
63.54159 55.14022
106.03343 69.75489
47.040512 141.20656
30.366829 -167.57323
-234.71127 -162.7746
25.098171 35.205544
116.70267 132.02199
-30.991436 186.80705
-70.18353 73.73834
-202.21844 -178.73587
-223.04 171.55836
-104.78155 158.21205
27.706327 169.2842
171.59558 135.521
-57.26623 -115.73758
-286.02405 -55.955204
-214.36232 -193.26518
92.639946 22.21603
-116.83179 -191.38055
-251.6567 -195.18996
-235.09941 47.810307
-177.68594 158.26588
-260.4778 -196.95554
253.53487 38.014988
-44.669926 170.08801
26.451075 -192.81335
45.123672 31.740242
38.65473 188.60855
244.22855 119.19251
283.98993 -101.86646
-247.34113 -160.27763
267.84592 127.62748
36.599804 147.88535
-41.26304 -144.11821
