169.28203 140
179.56175 -8.362277
16.632935 -78.25181
176.08452 124.72136
-32.538933 73.08363
76.08452 75.27864
32.538933 173.08363
-79.56175 108.362274
132.53893 73.08363
79.56175 8.362277
59.451588 46.46955
40.548412 53.53045
23.91548 -24.72136
83.367065 78.25181
176.08452 24.72136
116.632935 21.748192
23.91548 24.72136
-59.451588 53.53045
0 180
-47.02282 35.27864
-79.56175 8.362277
69.28203 40
83.367065 -78.25181
16.632935 21.748192
116.632935 178.2518
-79.56175 -8.362277
76.08452 24.72136
159.45158 53.53045
79.56175 91.637726
20.438248 91.637726
-59.451588 153.53046
0 80
147.02283 35.27864
0 -80
159.45158 153.53046
-59.451588 46.46955
0 20
-16.632935 -78.25181
52.97718 35.27864
67.46107 -73.08363
20.438248 -8.362277
59.451588 -53.53045
169.28203 40
32.538933 73.08363
59.451588 53.53045
-32.538933 -73.08363
159.45158 -53.53045
52.97718 164.72136
-32.538933 26.916363
-69.28203 -40
67.46107 173.08363
83.367065 21.748192
30.717968 60
169.28203 -40
52.97718 64.72136
20.438248 108.362274
100 180
147.02283 164.72136
147.02283 -64.72136
132.53893 -73.08363
67.46107 26.916363
67.46107 73.08363
23.91548 124.72136
32.538933 -73.08363
116.632935 78.25181
79.56175 -8.362277
-47.02282 164.72136
100 20
20.438248 8.362277
40.548412 153.53046
147.02283 64.72136
40.548412 46.46955
-16.632935 21.748192
32.538933 26.916363
-76.08452 -24.72136
69.28203 -40
23.91548 75.27864
30.717968 140
169.28203 60
47.02282 -64.72136
-69.28203 140
-16.632935 78.25181
179.56175 91.637726
69.28203 60
59.451588 153.53046
179.56175 108.362274
47.02282 35.27864
83.367065 178.2518
69.28203 140
-76.08452 124.72136
-16.632935 178.2518
52.97718 -64.72136
-47.02282 64.72136
-69.28203 60
16.632935 78.25181
100 80
-47.02282 -64.72136
176.08452 -24.72136
-76.08452 75.27864
40.548412 -53.53045
47.02282 64.72136
-79.56175 91.637726
159.45158 46.46955
30.717968 40
-32.538933 173.08363
-69.28203 40
16.632935 178.2518
100 -80
116.632935 -78.25181
-76.08452 24.72136
179.56175 8.362277
47.02282 164.72136
79.56175 108.362274
132.53893 26.916363
176.08452 75.27864
76.08452 -24.72136
76.08452 124.72136
-59.451588 -53.53045
132.53893 173.08363
30.717968 -40
169.28203 140
179.56175 -8.362277
16.632935 -78.25181
176.08452 124.72136
-32.538933 73.08363
76.08452 75.27864
32.538933 173.08363
-79.56175 108.362274
132.53893 73.08363
79.56175 8.362277
59.451588 46.46955
40.548412 53.53045
23.91548 -24.72136
83.367065 78.25181
176.08452 24.72136
116.632935 21.748192
23.91548 24.72136
-59.451588 53.53045
0 180
-47.02282 35.27864
-79.56175 8.362277
69.28203 40
83.367065 -78.25181
16.632935 21.748192
116.632935 178.2518
-79.56175 -8.362277
76.08452 24.72136
159.45158 53.53045
79.56175 91.637726
20.438248 91.637726
-59.451588 153.53046
0 80
147.02283 35.27864
0 -80
159.45158 153.53046
-59.451588 46.46955
0 20
-16.632935 -78.25181
52.97718 35.27864
67.46107 -73.08363
20.438248 -8.362277
59.451588 -53.53045
169.28203 40
32.538933 73.08363
59.451588 53.53045
-32.538933 -73.08363
159.45158 -53.53045
52.97718 164.72136
-32.538933 26.916363
-69.28203 -40
67.46107 173.08363
83.367065 21.748192
30.717968 60
169.28203 -40
52.97718 64.72136
20.438248 108.362274
100 180
147.02283 164.72136
147.02283 -64.72136
132.53893 -73.08363
67.46107 26.916363
67.46107 73.08363
23.91548 124.72136
32.538933 -73.08363
116.632935 78.25181
79.56175 -8.362277
-47.02282 164.72136
100 20
20.438248 8.362277
40.548412 153.53046
147.02283 64.72136
40.548412 46.46955
-16.632935 21.748192
32.538933 26.916363
-76.08452 -24.72136
69.28203 -40
23.91548 75.27864
30.717968 140
169.28203 60
47.02282 -64.72136
-69.28203 140
-16.632935 78.25181
179.56175 91.637726
69.28203 60
59.451588 153.53046
179.56175 108.362274
47.02282 35.27864
83.367065 178.2518
69.28203 140
-76.08452 124.72136
-16.632935 178.2518
52.97718 -64.72136
-47.02282 64.72136
-69.28203 60
16.632935 78.25181
100 80
-47.02282 -64.72136
176.08452 -24.72136
-76.08452 75.27864
40.548412 -53.53045
47.02282 64.72136
-79.56175 91.637726
159.45158 46.46955
30.717968 40
-32.538933 173.08363
-69.28203 40
16.632935 178.2518
100 -80
116.632935 -78.25181
-76.08452 24.72136
179.56175 8.362277
47.02282 164.72136
79.56175 108.362274
132.53893 26.916363
176.08452 75.27864
76.08452 -24.72136
76.08452 124.72136
-59.451588 -53.53045
132.53893 173.08363
30.717968 -40
169.28203 140
179.56175 -8.362277
16.632935 -78.25181
176.08452 124.72136
-32.538933 73.08363
76.08452 75.27864
32.538933 173.08363
-79.56175 108.362274
132.53893 73.08363
79.56175 8.362277
59.451588 46.46955
40.548412 53.53045
23.91548 -24.72136
83.367065 78.25181
176.08452 24.72136
116.632935 21.748192
23.91548 24.72136
-59.451588 53.53045
0 180
-47.02282 35.27864
-79.56175 8.362277
69.28203 40
83.367065 -78.25181
16.632935 21.748192
116.632935 178.2518
-79.56175 -8.362277
76.08452 24.72136
159.45158 53.53045
79.56175 91.637726
20.438248 91.637726
-59.451588 153.53046
0 80
147.02283 35.27864
0 -80
159.45158 153.53046
-59.451588 46.46955
0 20
-16.632935 -78.25181
52.97718 35.27864
67.46107 -73.08363
20.438248 -8.362277
59.451588 -53.53045
169.28203 40
32.538933 73.08363
59.451588 53.53045
-32.538933 -73.08363
159.45158 -53.53045
52.97718 164.72136
-32.538933 26.916363
-69.28203 -40
67.46107 173.08363
83.367065 21.748192
30.717968 60
169.28203 -40
52.97718 64.72136
20.438248 108.362274
100 180
147.02283 164.72136
147.02283 -64.72136
132.53893 -73.08363
67.46107 26.916363
67.46107 73.08363
23.91548 124.72136
32.538933 -73.08363
116.632935 78.25181
79.56175 -8.362277
-47.02282 164.72136
100 20
20.438248 8.362277
40.548412 153.53046
147.02283 64.72136
40.548412 46.46955
-16.632935 21.748192
32.538933 26.916363
-76.08452 -24.72136
69.28203 -40
23.91548 75.27864
30.717968 140
169.28203 60
47.02282 -64.72136
-69.28203 140
-16.632935 78.25181
179.56175 91.637726
69.28203 60
59.451588 153.53046
179.56175 108.362274
47.02282 35.27864
83.367065 178.2518
69.28203 140
-76.08452 124.72136
-16.632935 178.2518
52.97718 -64.72136
-47.02282 64.72136
-69.28203 60
16.632935 78.25181
100 80
-47.02282 -64.72136
176.08452 -24.72136
-76.08452 75.27864
40.548412 -53.53045
47.02282 64.72136
-79.56175 91.637726
159.45158 46.46955
30.717968 40
-32.538933 173.08363
-69.28203 40
16.632935 178.2518
100 -80
116.632935 -78.25181
-76.08452 24.72136
179.56175 8.362277
47.02282 164.72136
79.56175 108.362274
132.53893 26.916363
176.08452 75.27864
76.08452 -24.72136
76.08452 124.72136
-59.451588 -53.53045
132.53893 173.08363
30.717968 -40
169.28203 140
179.56175 -8.362277
16.632935 -78.25181
176.08452 124.72136
-32.538933 73.08363
76.08452 75.27864
32.538933 173.08363
-79.56175 108.362274
132.53893 73.08363
79.56175 8.362277
59.451588 46.46955
40.548412 53.53045
23.91548 -24.72136
83.367065 78.25181
176.08452 24.72136
116.632935 21.748192
23.91548 24.72136
-59.451588 53.53045
0 180
-47.02282 35.27864
-79.56175 8.362277
69.28203 40
83.367065 -78.25181
16.632935 21.748192
116.632935 178.2518
-79.56175 -8.362277
76.08452 24.72136
159.45158 53.53045
79.56175 91.637726
20.438248 91.637726
-59.451588 153.53046
0 80
147.02283 35.27864
0 -80
159.45158 153.53046
-59.451588 46.46955
0 20
-16.632935 -78.25181
52.97718 35.27864
67.46107 -73.08363
20.438248 -8.362277
59.451588 -53.53045
169.28203 40
32.538933 73.08363
59.451588 53.53045
-32.538933 -73.08363
159.45158 -53.53045
52.97718 164.72136
-32.538933 26.916363
-69.28203 -40
67.46107 173.08363
83.367065 21.748192
30.717968 60
169.28203 -40
52.97718 64.72136
20.438248 108.362274
100 180
147.02283 164.72136
147.02283 -64.72136
132.53893 -73.08363
67.46107 26.916363
67.46107 73.08363
23.91548 124.72136
32.538933 -73.08363
116.632935 78.25181
79.56175 -8.362277
-47.02282 164.72136
100 20
20.438248 8.362277
40.548412 153.53046
147.02283 64.72136
40.548412 46.46955
-16.632935 21.748192
32.538933 26.916363
-76.08452 -24.72136
69.28203 -40
23.91548 75.27864
30.717968 140
169.28203 60
47.02282 -64.72136
-69.28203 140
-16.632935 78.25181
179.56175 91.637726
69.28203 60
59.451588 153.53046
179.56175 108.362274
47.02282 35.27864
83.367065 178.2518
69.28203 140
-76.08452 124.72136
-16.632935 178.2518
52.97718 -64.72136
-47.02282 64.72136
-69.28203 60
16.632935 78.25181
100 80
-47.02282 -64.72136
176.08452 -24.72136
-76.08452 75.27864
40.548412 -53.53045
47.02282 64.72136
-79.56175 91.637726
159.45158 46.46955
30.717968 40
-32.538933 173.08363
-69.28203 40
16.632935 178.2518
100 -80
116.632935 -78.25181
-76.08452 24.72136
179.56175 8.362277
47.02282 164.72136
79.56175 108.362274
132.53893 26.916363
176.08452 75.27864
76.08452 -24.72136
76.08452 124.72136
-59.451588 -53.53045
132.53893 173.08363
30.717968 -40
169.28203 140
179.56175 -8.362277
16.632935 -78.25181
176.08452 124.72136
-32.538933 73.08363
76.08452 75.27864
32.538933 173.08363
-79.56175 108.362274
132.53893 73.08363
79.56175 8.362277
59.451588 46.46955
40.548412 53.53045
23.91548 -24.72136
83.367065 78.25181
176.08452 24.72136
116.632935 21.748192
23.91548 24.72136
-59.451588 53.53045
0 180
-47.02282 35.27864
-79.56175 8.362277
69.28203 40
83.367065 -78.25181
16.632935 21.748192
116.632935 178.2518
-79.56175 -8.362277
76.08452 24.72136
159.45158 53.53045
79.56175 91.637726
20.438248 91.637726
-59.451588 153.53046
0 80
147.02283 35.27864
0 -80
159.45158 153.53046
-59.451588 46.46955
0 20
-16.632935 -78.25181
52.97718 35.27864
67.46107 -73.08363
20.438248 -8.362277
59.451588 -53.53045
169.28203 40
32.538933 73.08363
59.451588 53.53045
-32.538933 -73.08363
159.45158 -53.53045
52.97718 164.72136
-32.538933 26.916363
-69.28203 -40
67.46107 173.08363
83.367065 21.748192
30.717968 60
169.28203 -40
52.97718 64.72136
20.438248 108.362274
100 180
147.02283 164.72136
147.02283 -64.72136
132.53893 -73.08363
67.46107 26.916363
67.46107 73.08363
23.91548 124.72136
32.538933 -73.08363
116.632935 78.25181
79.56175 -8.362277
-47.02282 164.72136
100 20
20.438248 8.362277
40.548412 153.53046
147.02283 64.72136
40.548412 46.46955
-16.632935 21.748192
32.538933 26.916363
-76.08452 -24.72136
69.28203 -40
23.91548 75.27864
30.717968 140
169.28203 60
47.02282 -64.72136
-69.28203 140
-16.632935 78.25181
179.56175 91.637726
69.28203 60
59.451588 153.53046
179.56175 108.362274
47.02282 35.27864
83.367065 178.2518
69.28203 140
-76.08452 124.72136
-16.632935 178.2518
52.97718 -64.72136
-47.02282 64.72136
-69.28203 60
16.632935 78.25181
100 80
-47.02282 -64.72136
176.08452 -24.72136
-76.08452 75.27864
40.548412 -53.53045
47.02282 64.72136
-79.56175 91.637726
159.45158 46.46955
30.717968 40
-32.538933 173.08363
-69.28203 40
16.632935 178.2518
100 -80
116.632935 -78.25181
-76.08452 24.72136
179.56175 8.362277
47.02282 164.72136
79.56175 108.362274
132.53893 26.916363
176.08452 75.27864
76.08452 -24.72136
76.08452 124.72136
-59.451588 -53.53045
132.53893 173.08363
30.717968 -40
