102.909294 60.10787
-89.453835 162.2374
64.943436 -119.78448
121.39255 56.69408
-107.19686 -77.7926
20.21829 88.03117
202.34698 -189.0697
143.11415 -135.86671
-144.8878 -73.49541
92.25582 -93.51411
-55.09152 198.82697
228.92943 82.624985
96.78171 141.3708
154.87068 140.32767
112.83334 -38.057606
14.005617 -14.015334
138.137 -31.348808
73.68975 110.22427
100.006935 76.5793
120.90643 131.79881
21.067444 122.1646
49.091877 150.67883
85.04383 108.94639
-194.98697 101.36375
152.10272 -193.38126
238.58339 -133.14352
151.43219 121.42734
221.02864 -139.43507
-139.74158 57.93668
-72.56529 -24.28182
155.40535 -56.4379
58.019653 49.937904
277.8216 104.2626
19.765322 -99.2364
246.62163 101.705864
289.2989 56.051342
172.83693 59.184235
132.79448 135.6814
155.34195 -20.252779
134.6926 -102.152824
-97.39166 124.120514
245.41505 44.794067
255.13492 115.59492
83.005905 64.646774
245.0208 -167.44885
-102.69999 95.63207
-4.590656 -40.067226
-191.21632 -162.68903
210.18643 -127.403564
-51.343758 -57.654823
187.66927 -122.65577
121.66113 85.26767
46.67428 -193.09001
-189.98846 -98.04388
-175.11824 77.842636
-187.48534 -177.03123
56.7165 66.959625
-18.507391 -22.90527
-167.9945 138.19536
81.7404 10.276251
-19.310013 -131.81096
157.58899 -144.20076
40.327637 19.216022
-126.56982 -30.645224
150.52612 -88.23006
76.647125 -7.289705
231.94482 82.96106
58.71662 32.83593
-288.74414 -173.3499
-293.83347 -165.44011
-31.745417 -69.20796
175.67792 98.929344
216.82591 -152.02412
21.176626 -165.42155
-100.56904 140.80861
-90.16019 -25.200829
242.81029 -182.05429
-154.22595 -135.52206
102.22337 174.2019
64.559006 82.56763
102.909294 60.10787
-89.453835 162.2374
64.943436 -119.78448
121.39255 56.69408
-107.19686 -77.7926
20.21829 88.03117
202.34698 -189.0697
143.11415 -135.86671
-144.8878 -73.49541
92.25582 -93.51411
-55.09152 198.82697
228.92943 82.624985
96.78171 141.3708
154.87068 140.32767
112.83334 -38.057606
14.005617 -14.015334
138.137 -31.348808
73.68975 110.22427
100.006935 76.5793
120.90643 131.79881
21.067444 122.1646
49.091877 150.67883
85.04383 108.94639
-194.98697 101.36375
152.10272 -193.38126
238.58339 -133.14352
151.43219 121.42734
221.02864 -139.43507
-139.74158 57.93668
-72.56529 -24.28182
155.40535 -56.4379
58.019653 49.937904
277.8216 104.2626
19.765322 -99.2364
246.62163 101.705864
289.2989 56.051342
172.83693 59.184235
132.79448 135.6814
155.34195 -20.252779
134.6926 -102.152824
-97.39166 124.120514
245.41505 44.794067
255.13492 115.59492
83.005905 64.646774
245.0208 -167.44885
-102.69999 95.63207
-4.590656 -40.067226
-191.21632 -162.68903
210.18643 -127.403564
-51.343758 -57.654823
187.66927 -122.65577
121.66113 85.26767
46.67428 -193.09001
-189.98846 -98.04388
-175.11824 77.842636
-187.48534 -177.03123
56.7165 66.959625
-18.507391 -22.90527
-167.9945 138.19536
81.7404 10.276251
-19.310013 -131.81096
157.58899 -144.20076
40.327637 19.216022
-126.56982 -30.645224
150.52612 -88.23006
76.647125 -7.289705
231.94482 82.96106
58.71662 32.83593
-288.74414 -173.3499
-293.83347 -165.44011
-31.745417 -69.20796
175.67792 98.929344
216.82591 -152.02412
21.176626 -165.42155
-100.56904 140.80861
-90.16019 -25.200829
242.81029 -182.05429
-154.22595 -135.52206
102.22337 174.2019
64.559006 82.56763
